[Documentation]
information1 = This file stores the OID assignments for resources defined in this IG.
information2 = It must be added to git and committed when resources are added or their id is changed
information3 = You should not generally need to edit this file, but if you do:
information4 =  (a) you can change the id of a resource (left side) if you change it's actual id in your source, to maintain OID consistency
information5 =  (b) you can change the oid of the resource to an OID you assign manually. If you really know what you're doing with OIDs
information6 = There is never a reason to edit anything else

[Key]
CodeSystem = 7
ValueSet = 6
StructureDefinition = 19
OperationDefinition = 1
CapabilityStatement = 2
MessageDefinition = 2

[CodeSystem]
temporary-pdmp-response-status = 2.16.840.1.113883.4.642.40.35.16.1
temporary-pmix-method-of-payment = 2.16.840.1.113883.4.642.40.35.16.2
temporary-pmix-opioid-treatment-code = 2.16.840.1.113883.4.642.40.35.16.3
temporary-pmix-patient-alert-category-code = 2.16.840.1.113883.4.642.40.35.16.4
temporary-pmix-response-status = 2.16.840.1.113883.4.642.40.35.16.5
temporary-pmix-species-type-code = 2.16.840.1.113883.4.642.40.35.16.6
temporary-pmix-transmission-form-of-rx-origin = 2.16.840.1.113883.4.642.40.35.16.7

[ValueSet]
pdmp-opioid-treatment-code = 2.16.840.1.113883.4.642.40.35.48.1
pdmp-patient-alert-category-code = 2.16.840.1.113883.4.642.40.35.48.2
pdmp-response-status = 2.16.840.1.113883.4.642.40.35.48.3
pdmp-rx-transmission-method = 2.16.840.1.113883.4.642.40.35.48.4
pdmp-species-type = 2.16.840.1.113883.4.642.40.35.48.5
pmix-method-of-payment = 2.16.840.1.113883.4.642.40.35.48.6

[StructureDefinition]
pdmp-activity-period-extension = 2.16.840.1.113883.4.642.40.35.42.1
pdmp-bundle-history-result = 2.16.840.1.113883.4.642.40.35.42.2
pdmp-bundle-request-message = 2.16.840.1.113883.4.642.40.35.42.3
pdmp-bundle-response-message = 2.16.840.1.113883.4.642.40.35.42.4
pdmp-extension-lme = 2.16.840.1.113883.4.642.40.35.42.5
pdmp-extension-method-of-payment = 2.16.840.1.113883.4.642.40.35.42.6
pdmp-extension-mme = 2.16.840.1.113883.4.642.40.35.42.7
pdmp-extension-opioid-treatment-code = 2.16.840.1.113883.4.642.40.35.42.8
pdmp-extension-rx-fill-number = 2.16.840.1.113883.4.642.40.35.42.9
pdmp-extension-rx-transmission-method = 2.16.840.1.113883.4.642.40.35.42.10
pdmp-header-timestamp-extension = 2.16.840.1.113883.4.642.40.35.42.11
pdmp-medicationadministration = 2.16.840.1.113883.4.642.40.35.42.12
pdmp-medicationdispense = 2.16.840.1.113883.4.642.40.35.42.13
pdmp-messageheader-request = 2.16.840.1.113883.4.642.40.35.42.14
pdmp-messageheader-response = 2.16.840.1.113883.4.642.40.35.42.15
pdmp-organization-pharmacy = 2.16.840.1.113883.4.642.40.35.42.16
pdmp-parameters-request = 2.16.840.1.113883.4.642.40.35.42.17
pdmp-parameters-response = 2.16.840.1.113883.4.642.40.35.42.18
pdmp-patient = 2.16.840.1.113883.4.642.40.35.42.19

[OperationDefinition]
pdmp-history = 2.16.840.1.113883.4.642.40.35.33.1

[CapabilityStatement]
pdmp-client = 2.16.840.1.113883.4.642.40.35.13.1
pdmp-server = 2.16.840.1.113883.4.642.40.35.13.2

[MessageDefinition]
pdmp-request = 2.16.840.1.113883.4.642.40.35.30.1
pdmp-response = 2.16.840.1.113883.4.642.40.35.30.2

